       88        0        0        0        0        0        0        0        0        0        0        0        0        0        0
        1        1        1        1        0        0        0        0        4        0        1       62       63      106        1
        1        1        1        1        0        0        0        0        4        0        2       61       66       63       62
        1        1        1        1        0        0        0        0        4        0        3       60       69       66       61
        1        1        1        1        0        0        0        0        4        0        4       59       72       69       60
        1        1        1        1        0        0        0        0        4        0        5       58       75       72       59
        1        1        1        1        0        0        0        0        4        0        6       57       78       75       58
        1        1        1        1        0        0        0        0        4        0        7       56       81       78       57
        1        1        1        1        0        0        0        0        4        0        8       55       84       81       56
        1        1        1        1        0        0        0        0        4        0        9       54       87       84       55
        1        1        1        1        0        0        0        0        4        0       10       53       90       87       54
        1        1        1        1        0        0        0        0        4        0       11        3      105       90       53
        1        1        1        1        0        0        0        0        4        0       12       63       64      107      106
        1        1        1        1        0        0        0        0        4        0       13       66       67       64       63
        1        1        1        1        0        0        0        0        4        0       14       69       70       67       66
        1        1        1        1        0        0        0        0        4        0       15       72       73       70       69
        1        1        1        1        0        0        0        0        4        0       16       75       76       73       72
        1        1        1        1        0        0        0        0        4        0       17       78       79       76       75
        1        1        1        1        0        0        0        0        4        0       18       81       82       79       78
        1        1        1        1        0        0        0        0        4        0       19       84       85       82       81
        1        1        1        1        0        0        0        0        4        0       20       87       88       85       84
        1        1        1        1        0        0        0        0        4        0       21       90       91       88       87
        1        1        1        1        0        0        0        0        4        0       22      105      104       91       90
        1        1        1        1        0        0        0        0        4        0       23       64       65      108      107
        1        1        1        1        0        0        0        0        4        0       24       67       68       65       64
        1        1        1        1        0        0        0        0        4        0       25       70       71       68       67
        1        1        1        1        0        0        0        0        4        0       26       73       74       71       70
        1        1        1        1        0        0        0        0        4        0       27       76       77       74       73
        1        1        1        1        0        0        0        0        4        0       28       79       80       77       76
        1        1        1        1        0        0        0        0        4        0       29       82       83       80       79
        1        1        1        1        0        0        0        0        4        0       30       85       86       83       82
        1        1        1        1        0        0        0        0        4        0       31       88       89       86       85
        1        1        1        1        0        0        0        0        4        0       32       91       92       89       88
        1        1        1        1        0        0        0        0        4        0       33      104      103       92       91
        1        1        1        1        0        0        0        0        4        0       34       65      102        2      108
        1        1        1        1        0        0        0        0        4        0       35       68      101      102       65
        1        1        1        1        0        0        0        0        4        0       36       71      100      101       68
        1        1        1        1        0        0        0        0        4        0       37       74       99      100       71
        1        1        1        1        0        0        0        0        4        0       38       77       98       99       74
        1        1        1        1        0        0        0        0        4        0       39       80       97       98       77
        1        1        1        1        0        0        0        0        4        0       40       83       96       97       80
        1        1        1        1        0        0        0        0        4        0       41       86       95       96       83
        1        1        1        1        0        0        0        0        4        0       42       89       94       95       86
        1        1        1        1        0        0        0        0        4        0       43       92       93       94       89
        1        1        1        1        0        0        0        0        4        0       44      103        4       93       92
        1        1        1        1        0        0        0        0        4        0       45       40        7       50        5
        1        1        1        1        0        0        0        0        4        0       46       41       10        7       40
        1        1        1        1        0        0        0        0        4        0       47       42       13       10       41
        1        1        1        1        0        0        0        0        4        0       48       43       16       13       42
        1        1        1        1        0        0        0        0        4        0       49       44       19       16       43
        1        1        1        1        0        0        0        0        4        0       50       45       22       19       44
        1        1        1        1        0        0        0        0        4        0       51       46       25       22       45
        1        1        1        1        0        0        0        0        4        0       52       47       28       25       46
        1        1        1        1        0        0        0        0        4        0       53       48       31       28       47
        1        1        1        1        0        0        0        0        4        0       54       49       34       31       48
        1        1        1        1        0        0        0        0        4        0       55        6       39       34       49
        1        1        1        1        0        0        0        0        4        0       56        7        8       51       50
        1        1        1        1        0        0        0        0        4        0       57       10       11        8        7
        1        1        1        1        0        0        0        0        4        0       58       13       14       11       10
        1        1        1        1        0        0        0        0        4        0       59       16       17       14       13
        1        1        1        1        0        0        0        0        4        0       60       19       20       17       16
        1        1        1        1        0        0        0        0        4        0       61       22       23       20       19
        1        1        1        1        0        0        0        0        4        0       62       25       26       23       22
        1        1        1        1        0        0        0        0        4        0       63       28       29       26       25
        1        1        1        1        0        0        0        0        4        0       64       31       32       29       28
        1        1        1        1        0        0        0        0        4        0       65       34       35       32       31
        1        1        1        1        0        0        0        0        4        0       66       39       38       35       34
        1        1        1        1        0        0        0        0        4        0       67        8        9       52       51
        1        1        1        1        0        0        0        0        4        0       68       11       12        9        8
        1        1        1        1        0        0        0        0        4        0       69       14       15       12       11
        1        1        1        1        0        0        0        0        4        0       70       17       18       15       14
        1        1        1        1        0        0        0        0        4        0       71       20       21       18       17
        1        1        1        1        0        0        0        0        4        0       72       23       24       21       20
        1        1        1        1        0        0        0        0        4        0       73       26       27       24       23
        1        1        1        1        0        0        0        0        4        0       74       29       30       27       26
        1        1        1        1        0        0        0        0        4        0       75       32       33       30       29
        1        1        1        1        0        0        0        0        4        0       76       35       36       33       32
        1        1        1        1        0        0        0        0        4        0       77       38       37       36       35
        1        1        1        1        0        0        0        0        4        0       78        9       62        1       52
        1        1        1        1        0        0        0        0        4        0       79       12       61       62        9
        1        1        1        1        0        0        0        0        4        0       80       15       60       61       12
        1        1        1        1        0        0        0        0        4        0       81       18       59       60       15
        1        1        1        1        0        0        0        0        4        0       82       21       58       59       18
        1        1        1        1        0        0        0        0        4        0       83       24       57       58       21
        1        1        1        1        0        0        0        0        4        0       84       27       56       57       24
        1        1        1        1        0        0        0        0        4        0       85       30       55       56       27
        1        1        1        1        0        0        0        0        4        0       86       33       54       55       30
        1        1        1        1        0        0        0        0        4        0       87       36       53       54       33
        1        1        1        1        0        0        0        0        4        0       88       37        3       53       36