	    108                0.                  0.                  0.
        1     8.838834765E-01     8.838834765E-01     0.000000000E+00
        2     0.000000000E+00     1.250000000E+00     0.000000000E+00
        3     1.000000000E+01     1.000000000E+01     0.000000000E+00
        4     0.000000000E+00     1.000000000E+01     0.000000000E+00
        5     1.250000000E+00     0.000000000E+00     0.000000000E+00
        6     1.000000000E+01     0.000000000E+00     0.000000000E+00
        7     1.792475408E+00     3.936180987E-01     0.000000000E+00
        8     1.728530661E+00     7.782780025E-01     0.000000000E+00
        9     1.624189806E+00     1.142990169E+00     0.000000000E+00
       10     2.449127443E+00     5.757789708E-01     0.000000000E+00
       11     2.408336400E+00     1.143186977E+00     0.000000000E+00
       12     2.330283953E+00     1.692171826E+00     0.000000000E+00
       13     3.204187677E+00     7.856590603E-01     0.000000000E+00
       14     3.190568181E+00     1.563628588E+00     0.000000000E+00
       15     3.143331186E+00     2.324947428E+00     0.000000000E+00
       16     4.024367278E+00     1.000034694E+00     0.000000000E+00
       17     4.022266179E+00     1.993253186E+00     0.000000000E+00
       18     3.990615610E+00     2.971823822E+00     0.000000000E+00
       19     4.878057059E+00     1.214278372E+00     0.000000000E+00
       20     4.876190712E+00     2.422727546E+00     0.000000000E+00
       21     4.849044842E+00     3.618645899E+00     0.000000000E+00
       22     5.731755120E+00     1.428528325E+00     0.000000000E+00
       23     5.730131470E+00     2.852210103E+00     0.000000000E+00
       24     5.707482064E+00     4.265469998E+00     0.000000000E+00
       25     6.585461461E+00     1.642784556E+00     0.000000000E+00
       26     6.584088454E+00     3.281700874E+00     0.000000000E+00
       27     6.565927274E+00     4.912296123E+00     0.000000000E+00
       28     7.439176082E+00     1.857047071E+00     0.000000000E+00
       29     7.438061665E+00     3.711199874E+00     0.000000000E+00
       30     7.424380474E+00     5.559124276E+00     0.000000000E+00
       31     8.292898984E+00     2.071315872E+00     0.000000000E+00
       32     8.292051103E+00     4.140707118E+00     0.000000000E+00
       33     8.282841663E+00     6.205954464E+00     0.000000000E+00
       34     9.146540132E+00     2.285591231E+00     0.000000000E+00
       35     9.145996908E+00     4.570222914E+00     0.000000000E+00
       36     9.141280829E+00     6.852786806E+00     0.000000000E+00
       37     1.000000000E+01     7.500000000E+00     0.000000000E+00
       38     1.000000000E+01     5.000000000E+00     0.000000000E+00
       39     1.000000000E+01     2.500000000E+00     0.000000000E+00
       40     1.811768335E+00     0.000000000E+00     0.000000000E+00
       41     2.448658408E+00     0.000000000E+00     0.000000000E+00
       42     3.180440941E+00     0.000000000E+00     0.000000000E+00
       43     3.993513031E+00     0.000000000E+00     0.000000000E+00
       44     4.851677670E+00     0.000000000E+00     0.000000000E+00
       45     5.709842309E+00     0.000000000E+00     0.000000000E+00
       46     6.568006947E+00     0.000000000E+00     0.000000000E+00
       47     7.426171586E+00     0.000000000E+00     0.000000000E+00
       48     8.284336225E+00     0.000000000E+00     0.000000000E+00
       49     9.142379863E+00     0.000000000E+00     0.000000000E+00
       50     1.225677327E+00     2.453876321E-01     0.000000000E+00
       51     1.153655856E+00     4.812256913E-01     0.000000000E+00
       52     1.038472415E+00     6.957550173E-01     0.000000000E+00
       53     9.132850706E+00     9.132850706E+00     0.000000000E+00
       54     8.266207799E+00     8.266207799E+00     0.000000000E+00
       55     7.399564893E+00     7.399564893E+00     0.000000000E+00
       56     6.532921986E+00     6.532921986E+00     0.000000000E+00
       57     5.666279080E+00     5.666279080E+00     0.000000000E+00
       58     4.799636173E+00     4.799636173E+00     0.000000000E+00
       59     3.932993267E+00     3.932993267E+00     0.000000000E+00
       60     3.066350361E+00     3.066350361E+00     0.000000000E+00
       61     2.218709885E+00     2.218709885E+00     0.000000000E+00
       62     1.483051776E+00     1.483051776E+00     0.000000000E+00
       63     1.140488995E+00     1.625721924E+00     0.000000000E+00
       64     7.726983393E-01     1.730559593E+00     0.000000000E+00
       65     3.906461166E-01     1.792745591E+00     0.000000000E+00
       66     1.689831868E+00     2.331448540E+00     0.000000000E+00
       67     1.137865478E+00     2.409718410E+00     0.000000000E+00
       68     5.728936798E-01     2.449044012E+00     0.000000000E+00
       69     2.322803018E+00     3.144132202E+00     0.000000000E+00
       70     1.558642803E+00     3.191322807E+00     0.000000000E+00
       71     7.829014948E-01     3.203796494E+00     0.000000000E+00
       72     2.969933875E+00     3.991243036E+00     0.000000000E+00
       73     1.988833552E+00     4.022778730E+00     0.000000000E+00
       74     9.975775937E-01     4.023881501E+00     0.000000000E+00
       75     3.617038676E+00     4.849608462E+00     0.000000000E+00
       76     2.418990813E+00     4.876683354E+00     0.000000000E+00
       77     1.212211448E+00     4.877621138E+00     0.000000000E+00
       78     4.264141279E+00     5.707965406E+00     0.000000000E+00
       79     2.849139157E+00     5.730570747E+00     0.000000000E+00
       80     1.426838586E+00     5.731351984E+00     0.000000000E+00
       81     4.911241688E+00     6.566313869E+00     0.000000000E+00
       82     3.279278601E+00     6.584440909E+00     0.000000000E+00
       83     1.641459013E+00     6.585074037E+00     0.000000000E+00
       84     5.558339907E+00     7.424653850E+00     0.000000000E+00
       85     3.709409163E+00     7.438293843E+00     0.000000000E+00
       86     1.856072733E+00     7.438787300E+00     0.000000000E+00
       87     6.205435940E+00     8.282985351E+00     0.000000000E+00
       88     4.139530861E+00     8.292129549E+00     0.000000000E+00
       89     2.070679751E+00     8.292491772E+00     0.000000000E+00
       90     6.852529792E+00     9.141308371E+00     0.000000000E+00
       91     4.569643712E+00     9.145948028E+00     0.000000000E+00
       92     2.285280071E+00     9.146187454E+00     0.000000000E+00
       93     0.000000000E+00     9.141835361E+00     0.000000000E+00
       94     0.000000000E+00     8.283670722E+00     0.000000000E+00
       95     0.000000000E+00     7.425506084E+00     0.000000000E+00
       96     0.000000000E+00     6.567341445E+00     0.000000000E+00
       97     0.000000000E+00     5.709176806E+00     0.000000000E+00
       98     0.000000000E+00     4.851012167E+00     0.000000000E+00
       99     0.000000000E+00     3.992847528E+00     0.000000000E+00
      100     0.000000000E+00     3.179835612E+00     0.000000000E+00
      101     0.000000000E+00     2.448142384E+00     0.000000000E+00
      102     0.000000000E+00     1.811402201E+00     0.000000000E+00
      103     2.500000000E+00     1.000000000E+01     0.000000000E+00
      104     5.000000000E+00     1.000000000E+01     0.000000000E+00
      105     7.500000000E+00     1.000000000E+01     0.000000000E+00
      106     6.930899500E-01     1.040253008E+00     0.000000000E+00
      107     4.753031315E-01     1.156108530E+00     0.000000000E+00
      108     2.422440273E-01     1.226302504E+00     0.000000000E+00
